10000
649 817
686 163
392 33
425 611
333 547
403 876
546 885
173 898
778 147
842 321
999 4
925 300
578 409
935 179
264 390
351 146
781 142
216 309
751 688
695 616
694 757
290 17
286 950
748 725
384 42
850 770
343 805
587 544
858 409
518 523
34 22
430 149
956 140
945 216
930 187
268 882
666 87
281 392
988 171
226 339
523 666
32 319
877 4
650 94
7 631
948 934
717 621
604 749
360 88
445 734
732 675
562 277
593 356
455 329
656 655
267 877
920 778
536 96
71 366
750 170
754 198
371 307
28 944
543 685
80 290
33 312
570 203
844 902
764 39
514 987
325 860
339 600
788 265
769 520
681 865
397 416
115 610
956 494
579 407
351 836
994 568
443 313
372 554
147 216
899 938
678 287
790 93
89 46
742 161
797 133
750 788
620 393
52 989
28 989
439 96
521 973
280 373
240 516
602 224
75 162
521 77
173 637
216 309
95 234
281 669
864 34
590 777
454 972
982 978
32 851
293 943
642 715
507 902
261 89
57 26
308 137
161 412
632 982
772 717
673 666
724 721
578 128
591 760
437 504
76 936
979 753
698 351
726 267
126 601
981 168
871 827
330 29
602 368
847 43
703 163
912 997
44 128
485 67
109 14
639 516
26 337
226 392
715 164
895 683
599 764
577 976
347 757
9 755
171 928
454 971
804 185
380 941
670 1
184 312
311 140
721 240
754 373
854 454
827 600
815 436
670 285
948 976
143 315
389 976
575 523
601 594
364 778
792 28
917 868
90 154
617 845
886 113
648 114
577 580
634 754
209 828
600 210
822 402
336 129
668 380
424 153
762 153
142 66
201 325
563 767
279 39
719 911
331 923
818 832
343 348
868 226
814 686
143 324
887 324
560 270
416 37
508 764
634 550
412 265
70 276
645 486
585 237
131 438
78 441
126 199
36 237
800 561
570 697
988 916
280 463
268 103
544 251
695 927
883 303
306 88
244 952
550 771
833 642
371 603
49 157
261 667
292 420
583 147
837 815
140 428
518 924
289 220
504 203
242 629
983 564
916 700
128 77
599 263
240 88
747 220
569 583
2 14
697 190
184 885
666 256
688 428
526 675
246 805
970 410
585 657
658 4
665 787
332 228
912 979
266 92
788 213
558 499
775 375
866 365
575 11
97 268
51 44
284 233
419 905
359 212
811 646
284 388
295 317
941 905
529 907
629 715
89 501
238 340
935 659
365 564
553 13
204 652
427 397
90 719
378 232
100 961
910 808
923 506
201 248
704 370
564 623
810 171
208 745
66 425
819 329
783 832
822 195
422 686
24 539
688 721
402 70
728 628
145 44
839 232
918 217
634 152
47 381
911 521
803 166
522 339
638 152
341 430
323 413
132 574
953 840
536 102
764 987
860 167
278 984
796 983
209 51
618 251
513 598
264 599
998 453
65 277
213 133
296 46
322 175
967 925
392 305
754 364
582 915
820 862
575 629
303 77
211 226
155 985
832 208
181 638
324 925
596 731
483 546
524 907
274 263
109 535
370 815
572 172
254 688
198 718
318 462
151 216
43 678
189 674
546 205
344 70
231 905
443 739
718 555
936 561
749 534
646 660
724 235
708 216
224 33
722 520
842 609
762 593
742 298
243 936
648 62
628 489
932 370
906 331
145 383
382 93
193 777
224 331
291 204
728 411
894 627
420 272
59 809
181 765
701 309
147 564
220 917
708 544
451 846
409 385
797 903
718 303
817 282
33 971
79 51
438 923
4 824
370 620
767 891
725 682
30 409
985 922
922 166
624 454
852 493
407 541
590 98
479 780
689 595
914 941
295 225
942 994
133 529
798 686
463 101
904 721
289 952
473 96
152 670
208 48
972 375
359 923
454 576
745 942
84 216
905 29
954 995
243 660
980 326
296 576
290 805
230 768
289 813
553 63
709 820
528 995
612 685
191 811
936 261
161 335
155 430
303 238
391 144
235 113
735 15
888 272
863 378
146 475
997 32
224 227
943 785
986 522
518 236
194 195
457 946
115 309
812 641
348 532
448 590
549 203
396 114
262 123
844 911
19 237
815 87
465 790
931 516
680 934
871 925
314 892
836 128
388 165
292 11
845 864
872 883
874 675
259 361
223 336
165 95
768 715
634 822
703 653
207 924
964 257
119 18
162 366
712 112
371 187
617 155
330 792
457 203
852 806
768 675
750 261
523 574
693 94
351 763
905 375
341 488
579 503
903 52
972 421
328 507
760 225
27 511
879 681
201 287
679 900
341 553
426 636
552 96
877 837
588 179
264 73
848 260
346 777
248 790
196 936
827 249
931 877
69 893
551 79
704 959
543 397
201 800
843 704
823 801
769 670
743 770
293 89
874 273
516 956
854 452
468 545
278 157
115 469
593 780
225 727
380 105
499 240
515 164
638 720
610 724
872 293
900 215
963 165
342 484
456 517
953 933
210 931
425 104
793 814
664 889
980 18
651 43
355 771
824 192
983 218
90 826
286 104
659 848
910 6
981 268
207 451
213 115
445 832
198 978
66 34
604 704
752 198
651 3
234 216
217 818
397 134
429 85
657 532
472 519
438 423
755 749
887 78
464 794
703 383
235 530
733 295
705 458
667 576
938 826
119 819
175 756
154 799
748 600
14 920
708 971
642 773
553 926
983 856
438 244
438 47
616 952
673 156
983 609
968 601
483 531
337 597
688 442
556 149
298 235
346 865
441 643
584 185
645 198
142 33
66 946
542 341
666 182
439 565
772 358
427 176
452 439
69 20
415 874
164 446
72 708
68 76
461 246
912 322
665 570
173 912
310 358
911 977
332 547
776 203
612 700
643 305
240 348
107 254
304 520
343 549
946 46
341 372
524 624
780 847
873 415
50 800
719 55
78 7
92 143
835 785
659 606
327 859
406 395
499 567
182 649
806 998
813 504
641 509
210 547
506 586
260 202
260 739
355 65
784 952
838 971
206 50
796 189
668 597
394 38
479 424
409 406
721 966
651 579
588 462
919 315
516 509
286 887
794 188
438 290
262 855
969 695
477 320
310 492
529 942
893 906
191 870
466 873
797 122
967 229
58 893
989 383
182 418
820 716
142 12
31 291
325 839
522 391
129 205
64 1
683 295
265 722
1 903
110 65
241 576
615 541
194 520
889 599
790 460
614 725
750 17
541 61
236 333
474 426
861 929
584 356
852 484
48 745
434 429
460 476
327 701
476 722
204 849
212 986
334 383
262 539
238 783
919 96
552 762
100 159
904 284
322 615
915 289
127 884
116 177
671 726
921 596
69 487
613 220
101 840
936 493
538 357
729 132
163 529
339 512
684 163
434 209
905 429
310 761
969 929
535 580
774 652
720 730
976 445
576 693
580 538
844 649
327 985
574 208
720 341
871 67
498 310
187 932
832 482
35 569
456 984
573 612
301 354
838 322
56 525
74 286
659 14
891 98
222 29
549 345
464 72
373 300
815 36
221 978
229 567
497 195
333 494
425 567
416 297
518 964
427 416
183 460
351 843
761 52
47 521
935 407
893 696
142 908
955 103
170 167
738 214
732 198
35 49
744 131
227 158
765 400
962 352
500 855
657 297
773 883
441 727
247 29
934 913
889 188
821 931
338 198
664 139
878 240
26 118
961 624
71 383
95 457
133 888
791 864
975 682
455 39
586 202
946 130
774 508
309 245
209 825
523 906
588 972
285 268
860 681
415 382
481 678
912 775
473 719
522 697
60 180
318 495
952 11
700 356
319 510
153 153
623 396
987 207
91 193
55 110
173 890
314 1
604 314
873 802
98 179
734 241
353 108
791 27
772 113
235 463
717 709
619 370
418 790
74 573
319 585
294 357
569 471
281 278
162 536
902 619
351 384
944 198
32 531
667 180
871 804
441 347
962 65
339 540
269 684
630 846
571 914
170 17
769 178
827 874
267 52
834 145
993 22
478 238
635 442
641 990
877 508
646 121
875 37
736 768
127 900
728 861
395 68
403 823
935 345
354 390
446 706
164 174
89 965
179 708
96 268
402 784
780 854
631 798
555 389
836 283
992 8
115 83
99 278
986 73
306 808
910 520
528 931
728 340
98 595
487 687
375 4
248 170
178 253
60 105
461 555
650 626
713 419
541 776
375 480
405 442
456 454
162 140
823 378
555 409
220 919
765 62
170 639
238 756
18 487
210 126
600 725
347 816
916 984
264 534
103 886
730 313
468 188
8 338
49 177
801 726
901 960
802 843
442 143
273 594
442 90
615 11
319 744
871 350
349 946
875 140
27 469
830 36
517 3
5 19
590 592
618 728
166 930
902 522
10 897
116 481
744 904
533 932
44 107
82 445
896 340
641 260
759 185
405 840
455 352
57 292
301 125
699 746
3 3
277 821
350 475
863 687
657 930
336 928
581 198
646 696
532 769
418 93
778 930
55 933
881 716
434 71
910 702
258 370
150 43
586 125
22 241
359 414
425 473
961 4
178 19
915 503
7 631
666 471
928 563
975 1
111 536
720 575
931 554
305 747
580 876
555 925
689 106
526 777
349 189
581 119
209 199
570 773
609 878
917 424
338 595
268 804
323 349
34 918
769 969
367 776
320 976
566 745
586 775
775 860
952 111
905 786
752 727
400 366
913 291
656 321
334 380
98 150
435 338
670 844
73 533
928 606
14 350
189 40
529 262
671 515
478 444
804 723
547 664
613 26
40 688
172 955
778 957
989 767
669 291
245 928
981 663
218 505
931 509
127 257
330 908
869 548
532 819
186 236
586 177
221 778
228 941
976 851
114 511
293 169
69 187
851 355
761 111
545 52
591 364
18 972
890 260
900 265
784 540
333 158
59 721
949 278
988 214
211 878
44 428
572 55
255 204
343 512
133 262
446 777
277 241
954 137
965 345
152 305
606 191
977 204
964 180
686 94
598 513
49 200
891 861
298 618
639 246
439 344
619 413
155 769
596 709
82 438
905 739
234 524
330 358
22 746
819 901
289 765
87 109
701 618
378 919
54 225
470 836
978 534
324 661
473 914
868 670
184 657
646 129
68 776
984 128
832 708
52 685
608 707
797 585
617 791
355 565
772 952
327 554
400 299
809 465
771 904
524 526
402 820
755 741
130 679
877 716
274 753
87 424
440 474
384 87
280 301
672 482
439 655
788 157
867 683
904 203
346 770
937 778
805 561
714 683
914 957
15 267
814 391
572 945
697 267
672 711
290 295
64 183
967 715
210 536
991 971
89 759
668 476
940 113
612 646
993 455
718 294
312 914
781 872
485 85
860 419
859 149
816 623
473 554
813 303
148 476
181 924
812 127
570 554
264 552
581 251
186 451
402 89
111 292
691 712
156 767
948 322
663 828
358 217
733 176
310 847
920 925
297 891
938 790
344 676
401 963
539 470
629 291
507 679
133 589
30 911
209 308
176 149
849 196
821 783
923 678
370 815
158 770
616 377
431 96
270 367
445 589
781 124
945 348
130 153
691 2
749 462
884 144
620 173
536 342
440 377
997 921
381 265
798 707
818 823
86 926
29 461
31 556
815 290
215 314
101 545
648 87
93 993
545 188
340 933
73 99
206 120
591 698
859 723
787 233
475 62
639 344
891 74
849 776
875 594
338 358
430 156
565 994
829 639
23 604
512 463
414 307
839 855
585 963
742 992
3 714
118 827
467 479
905 352
993 846
890 85
571 424
989 247
745 105
51 671
293 664
443 994
352 332
111 662
523 124
288 845
972 92
517 634
209 892
67 240
311 259
631 17
534 341
764 709
189 237
135 53
817 830
459 828
888 328
719 319
298 705
559 582
475 789
993 803
228 118
49 665
798 330
842 495
102 75
229 134
479 267
366 494
774 370
816 878
909 742
535 588
168 490
95 939
369 326
127 205
230 478
472 395
642 221
995 782
2 977
212 676
969 541
411 592
700 268
642 716
741 51
981 788
777 780
14 666
804 200
337 932
532 825
592 306
34 450
498 796
201 323
897 273
477 965
427 791
774 954
22 48
924 324
21 227
710 481
257 516
853 553
493 625
625 791
658 293
989 800
478 646
507 553
259 484
770 719
755 898
770 469
904 910
392 847
426 80
782 84
662 469
911 174
35 861
941 371
849 633
43 55
31 339
119 524
451 662
107 617
598 620
61 364
167 36
917 905
485 250
561 319
639 369
100 625
428 320
792 135
966 768
627 320
820 942
322 228
336 204
118 845
576 605
281 353
278 815
398 329
448 823
697 446
432 558
581 862
336 3
342 409
651 911
378 173
786 375
890 594
772 659
458 361
773 633
400 835
639 953
139 504
639 158
282 144
235 100
437 940
507 948
358 238
238 709
949 901
596 17
904 104
789 625
588 407
214 898
10 491
523 549
74 181
779 743
182 15
74 926
349 454
730 421
172 755
304 611
645 4
225 759
72 732
400 218
326 509
172 285
16 578
714 473
992 526
266 241
173 949
64 774
494 966
429 937
73 209
692 619
36 972
99 22
93 860
454 277
259 79
709 86
173 67
98 550
146 373
548 427
998 133
411 662
357 887
461 765
249 683
82 891
762 169
45 340
770 559
900 632
923 16
307 650
469 77
241 610
347 703
458 239
631 406
637 410
306 892
90 851
290 146
611 336
896 863
456 981
626 631
348 81
630 690
718 372
28 160
759 739
41 713
931 945
65 710
417 293
784 812
964 675
892 264
338 37
620 497
874 639
482 402
837 556
538 466
238 878
216 164
35 402
527 482
847 156
418 165
169 861
880 766
973 954
884 130
377 424
443 983
950 925
72 32
416 990
832 646
466 566
397 435
9 774
4 193
661 839
862 413
403 998
157 258
779 173
975 662
332 759
327 105
549 562
19 96
147 97
988 580
812 126
306 348
490 57
569 140
379 446
519 687
124 795
943 350
382 30
796 718
387 510
528 435
645 901
26 399
910 15
306 740
921 101
403 143
854 809
387 840
728 859
387 246
589 786
470 416
598 233
961 735
169 666
659 718
837 354
383 815
576 514
878 255
331 693
365 150
957 847
785 747
970 189
747 663
86 648
684 913
930 774
416 549
623 752
748 693
119 955
667 849
583 316
729 8
534 457
673 654
527 130
677 721
482 140
926 117
5 467
666 140
371 220
149 670
321 31
435 785
791 348
243 376
288 548
715 415
879 22
731 370
221 687
274 679
268 577
407 957
849 984
969 240
724 289
191 822
930 11
732 58
981 796
268 799
805 169
553 125
406 611
897 439
891 172
722 715
326 30
885 678
67 536
8 630
353 459
653 333
781 692
116 979
826 351
771 85
522 593
919 227
480 219
368 742
560 105
660 849
373 995
375 881
857 834
720 343
87 590
368 583
794 74
107 473
275 524
722 600
268 22
269 255
951 292
750 721
271 895
342 634
896 298
168 102
875 440
390 518
402 174
260 290
640 804
2 334
626 663
37 376
75 372
952 224
957 969
777 383
68 249
48 24
387 10
161 33
708 180
485 215
671 235
122 187
454 635
182 388
176 618
188 645
803 694
624 384
683 679
676 93
23 892
209 873
747 943
314 58
209 384
236 172
455 87
299 106
459 107
885 571
221 693
989 312
251 555
370 926
285 983
693 236
371 17
289 588
958 839
750 245
716 528
601 464
334 923
741 900
408 72
144 329
903 155
662 661
310 537
40 605
100 124
819 659
139 686
267 165
355 510
38 98
84 876
887 98
293 411
139 130
335 936
151 934
108 646
594 363
898 769
354 2
345 746
416 730
768 273
947 380
35 903
880 809
612 240
832 627
575 957
292 902
208 102
513 10
438 194
705 938
510 97
283 559
961 764
754 959
287 549
584 409
221 233
521 178
279 931
623 561
186 987
413 681
260 328
243 750
125 178
736 37
736 639
102 149
118 851
788 716
814 346
886 10
407 597
868 608
657 851
25 869
3 716
432 89
919 143
829 609
259 321
576 179
177 662
577 428
42 434
728 330
400 541
692 40
378 819
901 710
977 235
70 393
895 575
563 262
62 948
132 733
103 8
718 737
138 349
179 148
481 642
667 129
815 31
516 864
216 726
29 543
720 535
429 31
896 613
305 288
599 430
617 312
893 717
464 443
573 394
329 265
149 15
545 764
445 951
597 960
358 979
55 893
844 34
543 922
18 224
3 349
924 993
112 87
508 277
249 338
129 236
473 268
46 465
594 728
644 786
162 147
322 597
217 469
493 809
825 579
826 641
674 488
443 543
578 895
144 257
625 918
901 448
455 851
100 601
211 247
428 80
900 578
250 566
931 124
240 970
305 529
721 520
822 723
185 248
562 701
917 725
120 795
302 891
790 882
505 537
860 888
307 913
691 937
901 311
63 297
296 546
773 626
565 1
74 639
974 517
485 754
608 713
721 813
133 338
985 636
297 120
744 14
15 555
632 360
252 325
642 735
587 233
940 597
836 6
975 69
71 949
361 326
753 839
31 389
447 619
258 347
497 754
406 396
279 940
671 219
185 600
8 930
9 254
996 36
994 430
404 633
237 179
300 801
507 652
821 532
144 684
737 572
370 652
853 143
908 841
200 545
273 785
849 639
399 586
323 655
623 515
886 873
893 257
158 318
529 796
483 674
255 755
134 754
320 589
498 653
286 474
119 900
690 149
262 720
729 397
559 762
933 194
319 506
433 596
481 89
387 136
766 637
403 17
458 9
125 808
55 282
838 464
669 896
348 581
407 52
329 474
580 179
733 667
905 376
101 237
346 716
130 313
545 386
530 442
485 865
446 216
515 543
80 376
469 94
8 342
102 926
804 440
815 943
462 596
903 132
955 466
758 724
521 511
810 327
301 77
416 533
103 418
53 764
592 313
232 93
260 97
177 635
586 284
504 205
410 512
890 439
377 605
432 181
630 548
132 748
257 997
695 759
346 609
608 4
27 127
873 789
610 967
170 589
76 546
31 497
368 282
578 311
587 691
494 4
137 164
466 341
932 383
784 824
900 727
980 15
948 63
729 34
827 391
875 650
237 9
689 638
454 965
662 458
356 938
964 380
549 227
908 786
967 618
963 684
195 870
188 799
333 639
484 690
130 994
833 932
58 179
2 454
92 443
611 20
312 864
556 54
988 595
935 528
660 633
377 588
833 221
850 954
712 72
175 560
518 216
314 864
819 707
399 915
944 681
372 432
449 205
348 215
79 394
774 753
168 947
100 177
43 594
743 553
320 761
412 954
299 963
266 632
879 32
414 950
119 647
852 516
836 687
892 58
420 614
540 442
419 516
316 686
6 318
818 731
910 818
431 496
963 335
409 10
749 763
896 623
324 326
325 706
440 892
471 657
640 658
476 129
611 64
917 575
805 946
455 276
135 686
692 995
393 694
246 190
46 25
372 183
721 259
979 903
885 474
662 955
982 857
146 626
965 261
449 709
919 689
932 367
628 193
485 576
346 373
422 154
619 661
494 917
252 173
539 698
631 428
720 593
805 396
72 590
910 471
793 354
364 330
25 579
517 619
812 371
984 686
354 926
417 744
485 358
718 916
919 351
53 556
596 799
808 490
616 712
904 160
324 71
53 605
231 990
786 665
537 635
787 789
262 355
161 328
6 130
670 400
750 322
510 233
606 434
113 299
768 7
174 60
28 813
935 598
842 345
321 682
504 884
161 921
680 274
689 657
780 995
475 519
569 914
636 747
467 591
994 89
868 816
768 773
474 898
2 381
681 820
159 72
953 641
963 230
194 553
887 219
831 440
508 17
415 603
757 891
76 70
519 525
815 318
122 199
774 667
455 709
949 412
734 290
917 933
21 325
795 595
349 465
123 81
793 903
810 371
912 388
472 39
881 999
715 546
978 21
535 230
573 296
593 82
459 716
785 67
692 784
585 283
509 936
173 411
318 890
567 208
195 77
144 766
357 287
25 970
980 62
234 263
957 627
678 541
251 42
269 34
203 668
789 206
420 86
833 762
547 561
807 80
915 833
806 582
155 487
939 835
306 309
765 563
443 923
964 420
309 843
848 656
171 819
368 440
844 165
598 145
710 873
869 453
50 901
868 25
546 611
221 538
75 95
326 648
426 984
473 674
213 195
470 665
449 455
254 858
72 24
287 784
297 992
302 70
410 984
72 547
253 259
891 905
319 397
221 262
367 478
962 439
839 505
843 189
810 598
936 592
96 513
7 609
124 422
560 755
189 962
847 623
496 307
919 330
817 36
806 409
525 497
599 213
568 897
352 45
475 727
514 857
956 361
902 517
393 527
117 699
698 3
686 449
987 597
165 419
669 533
814 701
604 219
92 935
917 273
232 216
915 595
530 639
595 393
326 692
234 936
524 507
189 316
52 661
194 776
668 223
282 598
742 219
215 819
609 816
333 758
412 502
607 634
928 695
704 960
719 714
247 266
111 449
625 969
478 29
821 836
380 579
556 646
167 338
798 555
275 403
594 311
393 388
659 998
244 240
47 126
480 957
851 92
712 849
483 441
427 737
258 890
667 594
206 915
317 659
376 863
164 239
626 123
631 464
236 565
743 896
323 294
268 346
635 57
596 276
791 417
773 768
748 354
873 88
434 605
958 409
381 746
196 432
185 390
193 388
925 507
788 959
886 917
922 591
450 524
763 687
539 861
376 333
354 826
452 794
642 650
484 256
365 117
975 370
639 848
525 959
802 611
131 907
675 957
698 660
68 298
3 111
225 271
618 261
158 396
310 868
985 399
158 732
232 363
228 218
624 808
721 847
174 47
624 629
240 841
929 162
49 305
803 595
217 597
397 871
219 421
686 608
703 62
932 277
739 870
563 445
884 849
345 610
334 494
727 562
529 600
615 905
965 916
295 942
530 612
320 474
524 591
400 301
261 857
367 323
612 341
282 620
84 640
400 50
716 34
373 3
611 699
280 429
812 312
513 888
806 551
890 913
990 350
481 468
469 472
266 66
335 967
480 700
596 54
810 567
432 926
991 760
859 636
515 829
665 189
734 654
931 494
497 170
253 619
16 328
862 709
399 363
763 124
416 964
342 39
377 620
112 18
726 54
173 833
604 253
17 143
873 248
250 137
854 928
642 374
10 77
209 877
32 833
320 321
353 219
533 127
795 928
553 278
892 432
109 998
416 253
445 811
707 387
179 707
840 544
317 312
140 117
104 780
639 43
716 575
741 713
890 941
891 86
923 275
452 381
905 794
584 738
519 692
200 79
337 49
45 910
260 37
72 622
395 902
695 153
693 248
249 710
88 240
701 996
151 810
719 629
581 111
531 183
600 568
513 373
270 315
826 176
716 221
49 947
623 519
405 319
706 507
616 524
456 256
880 832
198 93
257 744
377 459
227 539
365 986
546 647
40 809
767 854
70 227
296 516
138 899
732 257
818 307
957 464
714 33
968 635
552 202
172 172
134 341
8 886
17 578
790 234
913 237
83 193
487 597
404 58
739 264
603 802
556 923
957 71
599 449
304 812
94 788
689 479
743 375
656 977
356 964
65 68
681 802
695 933
670 95
193 466
936 899
912 385
979 555
469 444
967 589
804 167
457 413
269 728
414 910
784 458
471 406
78 181
245 80
15 866
77 749
795 254
981 730
711 215
74 794
255 375
697 698
849 308
589 92
687 226
684 625
152 918
755 37
648 768
18 952
890 342
764 638
722 95
485 427
474 969
945 61
466 756
393 651
316 407
536 42
537 406
419 169
441 637
399 452
929 539
318 377
996 978
345 129
812 453
541 813
423 973
821 726
809 835
433 397
612 555
740 292
886 923
328 138
84 148
780 652
204 55
820 111
949 629
6 564
656 968
732 356
794 814
192 48
961 367
648 619
161 523
229 931
693 784
359 802
118 363
863 11
309 828
528 448
964 601
852 998
536 268
277 460
994 697
10 668
869 324
919 871
944 472
78 754
231 106
714 669
270 605
93 834
380 416
215 282
251 793
951 283
516 871
35 6
970 873
737 50
346 375
272 890
385 31
768 671
499 578
668 297
750 151
933 855
383 57
10 786
585 555
665 164
575 504
719 452
505 241
595 134
211 948
715 794
904 743
523 519
235 350
281 423
790 923
404 990
381 581
434 911
430 527
194 98
349 896
86 599
660 163
296 428
293 908
32 11
764 983
934 56
945 235
837 944
835 829
83 555
899 393
555 854
420 428
33 735
195 491
182 672
760 72
865 28
292 783
689 162
635 619
340 834
675 191
762 611
948 631
526 426
723 380
16 955
619 338
753 913
79 88
377 228
791 567
771 779
268 192
281 563
903 477
895 623
161 156
68 38
547 519
258 214
461 209
624 381
809 635
515 489
772 782
560 611
668 984
99 540
727 40
77 279
147 801
550 996
959 197
936 313
410 730
718 635
368 546
802 794
729 900
331 649
249 638
266 19
833 752
880 483
508 314
147 824
892 399
160 598
420 13
702 641
987 433
21 143
904 711
356 117
114 298
230 294
717 424
187 108
569 837
575 623
223 844
330 62
902 668
886 448
667 991
487 793
266 353
956 100
518 271
313 308
580 258
707 740
618 941
639 833
427 467
131 238
20 826
261 569
873 621
704 443
453 503
630 87
485 758
275 389
253 458
120 732
717 480
960 567
109 838
317 187
814 718
822 841
8 362
689 662
226 503
538 451
486 405
410 226
956 546
455 862
849 363
740 45
530 61
817 785
199 184
578 258
771 118
417 938
225 901
337 973
325 982
681 473
434 739
303 957
627 689
625 918
883 45
55 296
463 693
23 805
233 575
455 813
107 406
384 652
877 992
875 215
309 645
3 213
252 74
94 753
771 570
229 269
634 899
63 36
769 523
805 940
737 563
601 335
285 286
168 23
787 873
390 28
227 18
399 688
949 781
611 622
224 774
912 366
382 909
370 201
41 91
771 343
120 827
153 492
398 702
320 84
830 706
884 663
926 315
457 878
479 233
511 769
623 669
463 10
879 411
79 534
681 838
151 33
869 109
109 844
243 189
896 81
435 691
510 232
341 590
914 647
818 643
662 303
819 277
641 533
961 181
254 7
138 345
166 200
535 508
94 732
706 57
362 681
730 67
746 431
135 21
727 196
969 964
701 201
42 661
841 214
402 97
369 769
282 475
485 168
671 630
675 279
145 734
201 857
428 120
970 609
458 256
566 916
232 615
590 914
676 145
894 217
297 290
66 507
939 897
330 893
362 894
575 578
185 826
796 195
282 826
664 621
958 361
647 213
90 738
705 815
180 884
546 242
973 868
100 375
957 510
651 265
8 288
49 735
966 827
145 555
245 304
306 371
334 69
181 473
334 638
968 850
839 805
651 832
79 894
223 616
932 127
851 97
380 244
605 426
162 993
682 986
350 497
667 130
420 785
446 764
990 311
35 633
299 318
534 239
915 368
127 161
655 950
620 71
775 149
555 968
69 632
116 931
873 285
319 261
369 242
877 979
539 844
159 269
858 394
850 985
669 461
585 890
654 89
321 811
74 846
470 180
128 484
130 374
641 896
394 28
41 778
73 692
145 742
624 863
14 781
557 263
963 900
519 402
500 241
724 147
515 291
615 895
28 286
294 867
434 437
770 750
225 381
782 826
559 537
566 596
575 322
404 371
699 669
167 474
177 204
727 521
457 376
467 515
245 992
918 925
805 853
480 729
708 107
955 225
969 429
180 819
194 26
195 916
920 713
325 4
500 266
315 875
45 590
15 279
785 137
932 21
236 843
490 70
812 331
678 23
882 857
376 702
457 23
946 242
923 894
322 567
505 260
49 949
787 567
965 530
695 489
915 957
508 560
943 813
183 284
8 790
815 38
341 815
448 731
471 936
265 550
475 732
828 516
282 300
686 568
413 741
75 922
493 602
852 115
701 686
934 787
421 872
780 553
38 588
910 153
76 846
368 683
985 562
70 929
779 762
752 184
227 846
407 859
445 938
464 991
260 240
791 182
464 164
233 879
520 119
571 750
172 4
243 612
959 966
305 517
866 695
348 115
733 351
824 874
687 566
630 282
727 617
122 634
11 749
683 451
576 331
846 898
16 221
138 192
797 873
994 425
440 903
546 397
850 456
480 593
860 782
434 255
515 737
134 608
566 112
712 979
10 87
611 522
269 38
982 929
660 578
504 958
114 710
530 517
384 301
307 141
679 310
312 74
460 109
600 356
33 277
503 198
816 117
161 725
341 533
170 677
524 660
278 292
6 339
675 454
954 377
600 949
298 656
724 835
857 112
395 873
344 911
521 350
335 664
39 28
291 193
538 585
852 773
143 995
962 98
211 180
361 512
362 850
34 157
823 506
681 371
622 158
332 440
312 708
158 85
171 938
931 698
898 374
409 483
283 340
243 497
110 181
705 309
495 654
214 934
264 108
870 529
363 318
258 80
215 763
114 287
606 713
415 788
475 760
785 680
100 395
317 972
642 13
498 694
269 62
786 519
306 453
592 810
95 353
725 497
835 993
144 362
154 125
718 527
705 199
157 623
482 475
813 46
954 424
977 556
672 698
202 327
607 784
722 461
166 490
455 395
389 697
256 558
914 807
251 271
401 505
416 880
188 284
581 561
632 589
624 771
137 582
186 160
59 338
803 817
577 660
991 511
840 68
418 967
837 419
297 730
612 911
89 930
458 760
254 858
226 354
49 313
751 845
569 206
696 66
2 22
830 428
995 549
904 201
285 326
402 656
501 846
167 74
118 76
617 732
950 178
684 123
660 456
515 214
737 747
520 164
14 678
47 799
859 107
124 476
726 209
586 488
387 204
463 659
900 25
904 314
174 827
174 504
889 607
868 435
54 655
378 675
188 756
386 57
65 968
226 395
420 588
997 614
802 333
372 51
21 261
119 712
536 59
664 306
978 720
209 863
217 559
724 30
389 491
983 128
426 442
256 690
216 58
559 573
69 903
626 319
3 19
25 381
782 454
162 103
487 832
921 136
647 366
200 217
272 554
439 918
159 909
816 686
813 398
536 214
601 502
3 52
310 913
388 235
73 889
465 974
110 570
992 924
655 996
250 343
132 704
4 59
890 785
822 307
822 684
723 709
813 393
462 360
932 87
989 196
457 297
911 606
622 901
169 980
743 53
34 455
905 911
674 587
388 70
788 733
571 544
918 532
447 619
657 694
921 410
531 659
704 34
217 476
372 334
650 294
84 868
985 456
766 522
248 588
562 156
943 485
944 348
926 42
150 258
281 384
117 296
897 205
520 861
930 764
556 497
352 418
507 203
215 638
450 974
186 730
205 722
259 843
586 634
207 576
81 645
291 235
865 648
162 504
104 675
869 820
142 601
125 775
918 806
350 464
347 640
793 746
143 90
655 778
741 757
288 819
31 225
378 603
814 509
540 264
590 563
500 696
546 487
974 536
468 617
436 460
993 770
11 890
590 70
953 210
695 496
887 403
320 998
460 43
75 659
266 428
10 93
626 660
410 577
335 56
576 718
645 404
953 331
127 786
337 177
574 877
967 968
398 414
83 840
810 509
257 918
951 728
935 670
941 85
789 217
117 405
123 932
194 849
9 674
201 826
682 377
44 376
337 707
870 62
163 845
876 829
17 884
315 745
332 431
327 365
806 50
173 162
705 719
342 405
488 635
928 280
961 35
743 387
95 544
805 32
766 261
896 762
323 213
439 751
929 482
76 96
689 97
760 68
357 576
863 746
29 133
201 222
476 644
652 790
697 466
831 127
875 344
520 485
462 787
817 257
507 855
582 466
239 426
192 284
414 436
830 698
577 997
800 795
841 43
879 395
667 606
571 635
658 346
23 688
711 82
952 946
655 872
673 698
909 33
78 282
410 923
340 372
866 172
9 522
393 709
237 84
569 346
430 113
470 484
471 492
546 635
399 59
688 173
884 410
420 57
751 568
203 675
79 305
204 833
790 784
1 215
781 551
778 448
192 274
514 776
675 717
838 424
842 648
865 325
610 693
672 591
696 442
561 505
559 790
519 847
754 452
156 508
366 936
651 163
405 352
581 390
121 724
401 140
95 918
304 668
456 156
650 840
849 220
379 180
587 550
510 870
376 644
616 137
992 295
113 169
413 956
820 376
711 695
610 53
113 634
936 411
71 968
840 478
902 315
719 640
203 581
961 422
375 148
428 131
30 343
404 10
279 730
413 159
315 958
853 827
871 198
129 506
376 808
265 478
388 700
837 931
829 269
818 935
400 111
709 931
421 896
41 205
575 412
429 256
955 932
391 378
860 540
787 255
463 504
696 92
980 525
370 479
274 87
569 799
638 251
577 795
926 821
90 476
698 220
860 219
46 582
425 854
267 838
874 224
764 144
218 746
688 113
480 535
191 566
191 719
624 534
395 600
575 504
274 195
580 999
366 544
236 292
664 754
432 157
575 108
212 241
258 640
182 885
659 736
535 843
608 780
448 111
170 495
147 856
353 347
763 14
493 535
847 813
752 991
987 481
905 128
386 508
461 761
55 461
280 229
80 270
997 325
374 95
605 316
511 174
163 50
864 455
955 352
359 850
786 626
526 189
446 968
795 83
932 367
251 511
189 959
958 758
926 775
395 542
803 627
862 285
542 379
238 582
201 292
779 391
907 519
816 479
591 602
959 88
856 406
3 868
713 836
638 94
454 331
936 697
64 457
646 581
91 183
469 881
391 792
224 648
334 604
388 511
151 165
605 641
919 831
965 503
333 400
178 321
296 934
393 824
224 258
691 83
640 955
858 365
251 766
558 370
155 949
15 196
150 218
709 741
699 231
613 940
698 370
868 669
116 135
467 372
507 293
15 814
53 7
909 909
361 1
239 908
333 307
307 814
651 239
504 619
363 889
339 715
893 749
117 507
886 942
542 78
315 351
43 552
175 900
422 700
117 795
497 406
887 939
714 470
996 47
407 812
37 986
382 454
259 380
606 147
699 827
423 653
10 810
727 439
120 156
310 349
123 893
262 40
458 405
328 673
740 86
38 345
519 439
159 671
549 54
435 129
523 236
725 161
59 164
664 864
263 998
595 675
760 176
250 76
328 691
344 441
256 826
904 355
381 103
221 624
855 882
165 982
34 994
177 380
547 277
301 465
382 259
655 299
50 156
59 67
823 67
586 594
897 652
705 284
502 225
36 883
446 42
325 734
816 247
444 117
450 628
377 810
627 915
870 354
657 395
886 393
927 211
830 314
401 982
712 951
183 807
340 11
46 243
446 481
644 914
165 448
620 326
802 676
721 141
279 100
50 80
485 878
657 296
288 759
295 478
407 140
849 987
311 412
695 430
858 524
207 430
46 843
243 121
725 607
307 718
400 567
468 218
289 754
776 369
753 767
540 703
594 931
692 410
536 628
454 397
858 348
606 759
183 68
470 783
450 698
220 761
504 80
639 643
339 173
614 898
350 176
253 758
281 919
607 4
393 422
797 827
285 621
862 851
685 460
508 159
104 626
630 351
614 769
456 664
416 147
173 330
899 150
265 417
757 755
883 94
229 547
848 107
988 205
126 757
656 631
243 971
458 570
815 722
595 349
103 410
973 325
166 81
414 551
405 494
689 209
187 898
873 178
235 611
829 154
984 333
325 362
97 449
913 698
368 882
887 423
439 178
75 103
49 746
546 787
347 397
931 996
156 119
807 820
14 120
559 375
653 386
115 205
214 16
971 204
530 784
328 924
405 586
862 902
215 632
772 154
953 213
693 231
318 277
385 569
216 600
700 275
497 128
226 602
936 554
932 806
281 165
703 645
469 514
915 307
123 464
130 421
290 71
240 404
88 503
753 933
568 176
308 193
689 163
155 803
357 458
405 71
913 389
388 412
571 452
31 53
754 481
47 431
619 861
872 301
945 914
953 75
991 56
849 322
910 889
766 636
733 385
333 189
680 964
408 490
14 281
640 822
806 258
531 214
370 915
702 68
544 171
55 959
675 523
716 633
490 378
334 850
2 399
810 858
533 606
909 600
244 552
139 466
106 127
61 884
891 437
642 834
827 729
861 891
714 938
386 797
685 563
382 380
527 982
748 241
814 651
995 363
547 278
58 163
252 919
700 562
34 28
229 817
898 703
539 546
343 425
810 871
6 621
819 107
672 546
368 660
901 594
33 253
932 591
24 226
998 683
711 133
384 730
441 8
776 950
572 233
307 929
421 761
924 401
472 956
786 898
944 676
394 65
917 322
279 980
159 303
668 912
965 166
160 318
663 660
396 802
339 838
753 161
657 656
441 565
434 550
261 802
196 443
111 92
580 408
268 345
818 48
898 225
388 635
206 854
387 877
736 564
899 489
981 327
202 837
386 754
908 731
594 292
866 608
421 777
680 896
434 614
960 534
73 469
19 466
641 812
828 210
975 211
319 381
390 606
506 937
17 440
959 782
116 628
495 592
85 933
510 544
829 877
828 624
357 382
785 829
494 819
407 268
877 858
588 266
621 711
208 354
41 88
475 289
309 816
76 302
472 483
9 323
151 986
515 309
554 501
440 752
441 980
215 965
257 731
910 591
985 464
909 172
284 486
660 278
535 911
762 282
597 465
903 481
196 317
282 30
8 55
18 626
136 608
196 189
505 883
781 739
530 90
311 480
954 679
228 195
128 112
193 644
953 180
869 398
816 210
980 325
42 802
652 630
665 554
333 169
701 255
836 662
156 711
760 487
791 60
606 746
360 532
40 12
920 557
408 433
60 103
379 939
727 711
136 541
219 433
555 618
701 661
957 233
929 147
491 367
454 65
6 583
461 125
930 236
465 260
752 716
348 663
414 372
445 102
723 991
845 786
531 931
659 576
947 320
399 164
895 21
649 454
965 394
871 528
747 382
65 929
290 112
436 284
727 986
541 193
155 462
583 628
30 210
194 841
377 347
371 842
841 351
684 428
322 772
375 62
4 28
105 569
609 869
209 72
225 477
887 537
527 323
279 250
483 814
419 955
310 160
624 360
774 717
938 378
780 924
301 426
229 6
729 498
122 746
49 967
371 691
514 844
789 519
65 570
544 306
737 479
577 130
226 230
807 434
759 893
594 809
565 404
580 69
708 137
72 501
246 411
647 224
153 931
188 658
22 882
140 78
704 880
555 151
994 482
767 398
527 304
257 26
414 208
458 278
931 267
768 397
570 698
707 220
957 798
126 509
839 914
677 623
230 418
234 574
513 794
68 536
964 314
702 334
777 616
543 389
745 566
369 868
135 909
964 233
497 347
451 198
277 285
255 996
640 367
68 13
287 947
9 734
842 718
476 968
66 488
831 502
520 592
223 177
808 416
754 302
55 847
734 286
848 580
714 395
511 773
123 978
435 459
380 396
550 291
698 300
186 785
9 752
360 628
484 453
113 923
853 249
214 210
823 321
7 500
270 727
383 584
265 263
367 469
812 534
532 630
46 283
402 743
226 509
758 664
391 28
150 675
882 100
470 10
341 889
499 682
27 719
119 366
32 236
658 145
694 619
433 100
782 660
808 6
715 642
719 154
302 331
771 250
865 309
930 208
531 263
510 319
191 93
946 104
247 258
579 858
166 626
199 555
673 305
508 967
420 391
509 984
398 719
110 373
764 249
834 988
405 150
641 8
623 674
824 645
712 748
689 125
100 345
998 673
173 530
670 845
892 3
533 194
39 687
49 158
587 943
117 282
789 322
25 577
694 759
617 472
750 724
99 285
660 21
607 778
173 564
557 667
893 314
10 477
566 513
663 430
803 579
776 33
177 345
778 587
859 734
116 667
547 930
435 827
782 457
537 75
321 592
329 266
436 803
306 366
990 591
848 293
696 182
854 395
613 452
575 179
177 754
793 415
348 147
871 391
937 890
779 389
761 612
375 987
185 597
440 234
97 755
270 224
325 67
671 22
491 333
52 839
493 291
166 449
231 767
617 807
533 615
621 233
339 84
970 652
47 361
480 497
103 132
40 840
844 255
130 892
258 74
704 679
607 677
54 315
731 507
519 870
322 578
452 370
422 562
156 121
923 744
663 887
317 471
730 943
520 412
153 236
72 409
46 356
853 750
312 883
362 472
499 413
386 954
794 1
833 221
92 974
307 108
330 575
233 237
782 459
52 574
928 736
954 925
614 864
107 634
209 665
887 222
48 483
122 156
475 854
874 109
671 843
84 493
495 833
519 191
50 485
498 101
992 678
678 473
890 498
528 814
568 436
711 917
265 454
729 619
849 355
841 105
460 938
532 884
336 906
451 394
581 827
432 173
774 660
922 234
128 749
684 895
41 331
436 111
985 380
909 199
831 804
747 297
15 50
998 264
611 655
963 74
210 63
798 385
237 566
826 531
663 538
549 925
246 683
457 611
338 517
393 402
322 562
692 955
160 909
894 750
786 410
805 611
57 651
354 811
182 314
73 606
921 556
809 784
848 911
113 56
328 109
633 327
236 638
877 429
465 420
484 869
137 755
68 734
772 34
836 255
163 424
114 386
923 719
525 135
840 787
971 483
156 29
206 476
743 310
639 865
684 60
342 316
734 253
917 156
544 402
74 983
171 41
741 843
726 779
330 953
128 747
340 33
350 139
377 228
987 790
8 84
479 633
338 110
178 382
4 836
2 400
119 768
994 754
445 888
35 404
415 90
768 187
939 200
100 29
335 64
289 320
251 815
889 533
490 458
197 567
933 354
811 264
577 639
590 925
48 849
769 606
941 285
381 56
273 238
755 82
614 929
233 480
312 54
448 147
805 369
515 662
272 317
568 758
937 130
710 877
268 610
385 249
284 676
880 582
196 497
60 588
620 999
702 649
122 265
131 416
239 811
760 68
742 306
373 213
572 319
357 18
782 423
949 983
93 14
442 743
197 400
180 145
397 437
370 729
318 513
208 707
716 243
129 909
935 913
418 456
700 316
394 300
479 669
840 657
393 645
113 440
803 994
488 150
217 762
131 996
589 306
803 463
432 993
753 966
121 406
153 91
555 440
677 664
119 860
583 616
221 312
328 698
114 209
264 453
750 749
75 687
327 132
46 980
246 527
740 322
84 174
310 357
150 492
989 272
643 866
209 194
745 259
216 320
690 644
349 281
717 532
530 989
550 706
681 495
864 898
112 30
683 780
802 912
791 498
288 58
688 724
815 133
917 303
779 226
768 43
736 312
419 378
797 989
105 169
263 276
40 513
979 669
913 311
55 55
69 330
540 556
918 476
735 808
685 171
95 569
431 302
190 594
373 807
342 98
741 621
18 44
219 324
313 651
582 146
796 903
813 598
338 418
435 627
7 961
760 982
650 120
618 628
159 793
692 33
552 653
995 392
563 93
988 160
525 256
370 314
63 781
32 110
927 434
432 966
450 375
337 603
380 116
686 59
327 81
600 606
264 850
67 985
274 882
661 470
298 257
542 45
982 509
302 800
679 286
422 461
823 824
154 978
574 593
98 227
165 65
821 591
491 361
844 361
664 909
347 715
893 734
679 695
205 937
47 986
949 985
895 230
353 73
981 925
798 465
901 732
140 256
615 118
247 37
373 252
94 828
401 350
604 343
184 76
789 695
179 87
200 270
534 600
934 894
888 451
652 292
279 367
257 3
661 757
109 334
96 883
897 610
992 561
86 562
910 184
572 59
700 812
360 186
982 840
416 817
434 998
864 494
943 312
926 707
892 354
511 827
817 888
901 18
940 172
904 143
851 707
815 769
665 572
222 279
43 55
220 856
1 94
847 75
631 79
837 648
233 807
661 417
372 779
950 683
79 565
138 51
911 267
376 818
693 783
213 395
528 57
808 833
854 579
202 237
410 639
308 281
365 365
696 575
405 220
682 571
610 715
581 581
815 480
212 911
647 524
79 448
400 767
890 714
117 140
346 385
499 806
273 153
551 878
454 3
66 757
649 965
493 110
211 692
33 277
317 760
838 728
912 47
643 258
313 855
939 862
45 861
103 596
736 405
837 292
735 303
677 413
259 719
91 526
896 936
289 497
840 149
415 293
38 255
623 869
203 591
635 188
288 737
976 528
543 245
625 421
293 844
826 896
772 295
754 817
284 680
986 230
21 254
639 394
862 463
68 781
165 350
645 618
758 922
237 900
749 420
438 899
458 630
180 763
42 163
66 68
809 437
855 345
7 310
143 724
733 205
492 180
978 386
590 893
922 530
22 746
683 655
894 47
504 986
578 841
609 487
892 613
419 151
408 215
673 604
978 56
450 718
535 308
433 788
570 675
852 626
380 433
264 558
948 998
563 929
537 950
517 269
74 81
307 395
905 258
239 258
300 952
840 457
405 7
468 802
905 37
967 868
249 384
476 851
544 218
959 428
394 548
105 127
827 566
753 441
454 140
578 377
256 884
548 105
82 329
830 798
302 201
92 333
887 958
60 825
229 926
825 57
177 816
63 239
80 386
747 911
210 254
12 603
547 377
455 317
594 98
124 165
667 448
610 529
749 435
94 881
667 813
644 111
849 294
708 111
539 745
165 450
476 43
935 987
300 764
377 416
787 296
817 798
855 472
445 215
86 696
574 84
825 105
574 353
254 29
670 389
556 963
753 693
286 672
485 948
962 502
14 328
331 752
802 549
668 766
351 589
619 214
739 53
587 135
111 66
426 389
635 118
390 570
424 595
575 936
25 434
200 716
731 449
192 762
427 375
832 458
100 52
100 355
599 761
688 43
635 223
754 263
158 644
521 400
769 566
648 199
645 60
572 466
36 614
632 682
922 677
37 608
873 161
592 812
966 426
138 878
903 888
484 408
528 20
113 37
848 954
176 854
834 16
735 321
909 538
230 753
194 95
996 597
304 852
238 446
640 526
851 38
830 152
43 368
333 196
505 751
372 753
892 866
185 112
606 791
711 917
431 156
920 764
448 210
870 486
303 553
464 402
832 752
250 708
182 714
259 760
674 270
955 542
658 170
465 888
740 845
674 998
696 239
140 471
669 945
824 547
497 107
82 612
386 712
284 230
504 396
144 664
77 194
877 404
962 401
918 690
122 327
296 646
477 97
516 92
590 891
725 45
951 245
557 136
685 515
429 940
519 425
460 68
859 564
704 456
542 865
774 388
927 587
752 421
149 123
688 682
893 122
769 822
365 649
444 684
436 280
506 786
968 562
656 919
723 537
214 547
523 766
379 591
275 624
52 278
919 923
376 803
580 987
314 870
579 202
395 94
998 143
310 729
689 79
936 542
560 555
828 635
248 438
217 398
796 82
540 5
591 871
384 748
794 312
166 200
420 672
680 471
605 744
688 566
476 12
808 981
759 496
981 354
983 61
752 115
941 422
910 618
47 832
928 141
471 982
758 400
56 319
211 726
344 958
245 753
504 171
79 350
420 280
571 849
130 181
677 233
725 74
498 958
916 12
747 203
613 733
748 565
503 900
159 756
583 268
119 657
924 394
156 630
845 624
406 457
922 64
736 77
416 935
731 880
571 404
757 274
771 133
182 211
967 537
555 695
97 308
30 422
204 613
519 222
287 16
931 619
375 816
537 730
201 38
377 214
21 162
995 172
605 946
298 508
157 981
681 811
263 947
478 338
847 60
399 309
524 61
782 518
881 779
416 864
63 237
716 34
700 354
685 587
740 225
39 744
601 27
701 763
993 858
685 713
964 541
191 247
825 717
434 772
397 515
126 387
13 663
251 957
984 825
383 311
227 153
389 851
868 748
285 978
764 920
192 573
357 870
421 604
852 738
835 796
599 96
90 339
343 506
798 559
286 204
792 171
21 201
700 255
967 769
971 692
868 515
792 218
580 983
803 40
816 707
278 508
194 529
792 373
441 438
258 250
167 772
919 720
390 718
214 698
427 439
750 734
894 371
345 98
760 740
740 626
728 101
292 21
807 91
162 290
248 42
216 510
586 961
204 132
220 204
671 195
281 467
712 644
565 934
456 755
444 17
932 385
812 49
875 348
605 596
344 615
413 433
628 824
55 73
717 446
397 207
220 75
980 729
94 543
181 799
322 123
899 603
372 908
898 103
655 804
250 686
540 362
396 249
40 623
59 329
720 29
942 375
862 208
280 971
332 174
798 765
596 138
406 812
907 261
227 884
853 816
496 198
836 619
287 514
585 800
673 601
629 864
918 197
709 431
400 315
997 349
938 60
740 962
640 501
359 319
140 525
264 584
30 891
273 120
619 183
886 726
475 594
191 302
16 890
640 283
380 545
318 264
476 471
712 993
597 162
797 654
851 278
125 777
621 715
612 209
867 322
399 83
975 456
409 691
295 384
910 662
594 160
652 802
210 949
354 536
41 97
407 611
925 911
485 550
252 193
950 203
615 546
445 94
602 31
317 733
18 282
329 280
640 584
13 804
64 467
771 216
201 685
214 979
988 131
888 842
138 135
686 698
593 874
806 875
159 631
285 344
966 696
41 786
501 224
731 649
806 807
299 126
287 539
862 453
369 897
772 893
618 437
457 340
579 585
11 825
304 801
254 821
664 816
141 185
894 527
79 189
417 65
496 605
530 863
257 98
403 629
248 381
723 361
851 164
383 524
420 502
528 601
844 606
907 297
637 83
693 415
975 526
43 68
425 94
173 500
189 209
828 839
911 149
784 355
726 603
43 578
70 800
266 819
429 947
849 875
505 222
96 868
406 793
872 686
854 427
6 102
2 243
36 307
314 514
1 833
882 469
400 739
936 743
784 413
108 100
113 290
451 516
854 704
48 115
118 860
260 882
104 376
384 543
763 113
549 708
828 322
210 679
745 781
327 332
222 304
996 502
179 762
214 398
742 973
771 603
153 442
229 791
202 286
84 356
88 707
103 266
859 228
787 955
150 392
882 845
681 11
247 356
140 282
787 952
808 553
458 608
602 132
90 589
400 324
894 934
624 149
814 810
61 456
385 775
875 776
970 289
394 942
94 55
407 79
80 246
967 195
941 324
672 229
886 97
15 804
439 820
195 229
845 295
18 919
656 579
409 21
467 287
61 177
555 170
251 773
465 397
435 615
996 570
268 966
541 221
667 598
56 264
862 567
307 675
927 595
817 113
755 165
536 611
72 376
890 566
291 621
235 190
190 956
634 81
157 992
798 699
889 444
717 458
551 659
73 476
660 970
742 775
867 475
809 114
317 946
369 554
913 32
5 468
861 537
77 842
349 962
16 658
653 149
292 283
617 403
983 94
944 903
68 436
319 214
49 654
324 113
143 863
978 216
906 727
118 106
73 39
379 160
106 998
365 423
129 119
217 366
372 371
498 698
213 654
633 523
22 664
770 841
862 586
751 860
394 398
459 54
816 426
374 994
568 171
590 850
91 451
464 120
705 267
354 430
459 684
892 676
428 772
286 509
379 533
313 633
411 549
412 749
701 356
147 723
755 199
877 471
744 634
262 37
484 694
913 663
135 524
144 116
477 613
752 894
402 801
742 713
774 940
283 9
844 856
661 710
855 518
487 813
265 100
876 997
572 489
672 406
886 535
526 927
894 877
113 51
339 979
655 892
490 477
892 502
307 520
679 479
88 790
257 857
676 133
457 674
643 436
418 936
386 831
466 155
158 911
624 219
50 620
565 541
862 928
759 827
430 713
672 402
81 656
946 8
290 74
41 848
884 722
647 99
461 832
428 355
569 26
626 469
405 259
522 197
241 779
898 600
140 266
82 846
438 704
444 823
213 809
795 491
905 882
333 150
748 455
358 775
958 899
7 790
279 543
484 359
425 80
874 623
909 352
115 382
819 125
57 800
607 97
61 791
82 849
630 314
120 114
872 798
669 838
276 468
969 121
750 934
164 330
968 854
136 883
626 897
863 721
710 968
225 860
394 994
793 143
659 141
883 543
801 713
452 992
476 27
68 687
222 677
882 904
327 6
668 320
127 660
471 167
454 84
545 284
673 720
983 783
285 571
493 211
127 560
179 380
659 924
422 582
501 355
901 927
594 572
476 642
366 826
806 382
779 533
313 60
762 240
101 439
820 616
605 409
949 470
679 2
932 183
1 310
537 854
988 246
867 215
340 33
148 583
7 226
405 91
143 368
765 111
401 689
588 523
670 70
806 225
733 795
385 270
44 441
289 64
894 427
786 130
937 846
331 298
225 367
71 51
131 954
180 742
313 63
386 131
966 555
216 272
212 535
216 711
774 767
706 191
959 626
456 781
529 185
147 436
816 221
697 186
85 842
145 111
109 70
842 535
367 882
937 618
834 265
710 621
329 741
931 88
436 658
323 394
499 996
687 602
213 975
191 358
239 781
911 739
61 620
804 611
760 828
838 357
895 368
547 863
129 968
364 102
287 881
95 714
529 479
244 349
467 88
678 173
405 505
299 22
132 416
594 586
934 587
355 810
180 78
87 969
176 322
472 978
418 927
790 195
143 901
248 820
406 20
907 925
467 576
918 595
797 754
811 990
945 474
399 702
77 511
558 473
971 247
384 71
558 729
952 240
276 475
590 114
723 791
201 221
302 675
201 319
398 533
651 577
744 12
381 886
54 673
604 185
610 381
581 877
715 451
666 250
748 167
789 436
743 552
368 487
863 592
191 741
100 482
93 656
731 264
786 593
444 632
653 608
546 663
624 789
130 584
131 364
396 387
164 95
492 541
820 238
667 184
264 154
638 271
435 165
518 271
977 786
463 930
478 331
528 250
190 100
32 965
68 60
101 453
957 12
245 897
476 831
47 743
461 235
122 745
808 752
730 245
833 888
462 491
926 639
192 637
741 210
687 856
636 484
463 458
177 263
336 628
208 835
769 263
838 161
196 3
579 261
539 216
385 917
486 771
396 931
564 47
248 835
773 633
115 251
612 253
64 306
744 861
330 314
387 900
433 166
315 700
177 379
642 740
649 917
950 616
520 358
598 111
72 321
142 441
7 674
639 847
430 16
450 606
498 720
719 854
595 638
890 173
530 20
245 176
234 537
681 678
802 837
888 133
2 542
707 102
242 302
419 581
136 858
357 498
105 534
183 5
239 797
68 882
702 199
649 193
934 771
589 141
133 95
418 900
615 895
857 36
597 481
1 299
377 792
160 394
719 23
354 2
785 883
445 812
477 306
768 626
888 858
177 464
326 551
195 787
169 405
517 408
674 969
607 56
717 459
42 453
478 451
876 43
345 455
348 837
309 785
108 947
870 456
945 202
204 738
946 310
251 236
889 225
123 700
518 769
657 804
181 921
762 245
215 510
233 795
783 765
367 65
541 326
548 375
608 657
982 779
388 778
628 701
682 815
740 775
762 364
497 753
26 514
705 57
293 446
131 859
423 587
929 17
780 757
28 467
368 707
718 520
345 141
600 954
623 194
77 329
552 354
293 710
223 962
464 547
291 175
830 282
617 398
290 423
208 846
691 100
111 241
46 979
38 113
467 540
772 681
377 827
729 538
60 453
143 687
698 891
906 943
595 401
770 539
481 462
846 366
229 548
57 801
129 875
6 541
302 96
274 351
593 40
562 119
22 347
466 26
113 573
844 94
444 877
781 166
320 855
317 512
482 821
149 904
398 725
741 742
80 487
943 813
149 885
219 614
482 955
912 632
382 78
970 470
229 208
971 398
745 238
757 58
925 584
354 136
196 58
917 621
542 964
36 733
74 972
279 619
557 993
289 39
712 578
448 339
129 186
719 992
914 950
59 957
342 362
268 804
813 505
744 968
934 383
895 115
516 763
245 890
525 98
406 567
573 495
251 226
212 606
889 160
779 184
424 78
746 549
332 646
654 26
729 527
158 617
699 220
456 91
175 519
111 700
765 921
651 67
479 808
873 852
5 546
387 171
208 255
610 935
886 296
37 402
53 673
949 377
590 569
361 245
950 667
853 630
78 985
145 157
855 568
884 139
904 909
495 177
118 167
695 493
229 968
837 346
40 757
939 129
993 703
977 263
869 217
659 314
237 579
970 341
390 351
505 441
59 535
107 142
243 560
446 138
117 505
138 521
512 602
966 562
279 297
621 113
644 959
526 955
957 925
434 414
676 570
617 649
429 583
538 583
117 747
241 390
130 391
752 754
597 860
635 578
146 443
773 495
944 895
47 98
470 25
694 17
726 606
76 457
651 535
70 779
88 967
874 100
280 609
702 832
672 236
606 394
467 45
854 585
129 959
68 231
833 260
722 946
660 383
802 54
369 163
384 699
120 72
103 690
144 365
697 172
23 617
737 809
191 722
175 455
937 179
211 895
984 986
321 56
105 48
2 964
743 621
93 809
524 679
69 679
795 211
223 19
857 711
788 664
220 644
748 772
320 328
593 403
854 658
583 445
510 979
210 617
649 128
43 892
127 111
322 651
43 73
573 24
940 214
764 463
540 844
786 118
776 158
45 235
457 341
203 322
558 531
815 289
729 507
480 857
508 635
627 325
115 818
861 13
794 288
105 721
369 32
736 592
374 761
698 295
762 180
319 496
83 993
636 902
730 40
998 151
238 483
649 519
492 349
247 692
699 85
280 683
67 787
904 111
419 879
414 242
853 295
647 621
224 635
808 455
580 770
11 299
470 770
310 279
611 296
23 292
769 514
127 212
691 416
13 963
733 111
292 776
823 708
570 490
462 82
482 257
353 796
541 268
660 350
879 893
996 253
878 727
651 115
692 882
430 378
340 578
415 474
885 61
989 752
818 896
941 360
930 61
562 859
485 123
48 418
526 924
504 76
273 100
736 283
428 283
950 342
593 80
989 578
632 796
381 810
187 193
122 4
651 362
891 67
829 941
819 556
789 233
687 509
500 34
91 394
926 117
457 699
881 704
848 380
988 415
747 321
695 589
899 837
488 635
43 980
626 593
1 873
62 944
830 351
378 390
509 218
634 655
963 596
844 345
804 750
267 916
52 646
603 807
109 146
876 739
912 509
177 790
98 435
655 980
333 390
418 928
273 91
11 695
802 410
722 498
139 717
437 842
487 275
5 215
684 316
862 494
605 785
557 699
204 349
416 902
532 263
805 726
911 763
204 796
541 133
101 841
914 186
200 389
271 289
282 592
471 292
219 808
90 860
278 986
831 734
656 277
41 669
207 948
381 109
52 299
481 179
730 713
898 445
995 388
16 340
452 485
818 1
903 560
571 735
737 137
764 559
655 912
102 587
283 904
649 145
577 228
936 163
729 724
684 787
426 695
812 163
850 746
964 233
442 701
111 675
76 692
558 157
58 105
893 50
847 658
467 878
138 869
91 409
960 365
818 964
951 905
23 332
661 477
542 131
423 398
943 510
367 972
438 381
725 76
365 741
773 292
234 667
229 166
484 47
13 134
37 976
493 62
891 492
861 682
862 649
420 881
81 92
598 501
285 80
267 393
40 734
942 36
817 180
919 388
565 77
128 328
74 35
40 602
285 70
855 767
383 345
735 240
726 881
535 290
189 893
311 737
453 172
197 693
77 292
659 110
312 17
518 645
587 833
203 234
395 988
263 996
12 5
657 462
110 84
170 362
257 1
125 77
507 63
786 622
803 949
209 445
435 177
978 826
434 194
418 665
455 205
533 950
652 156
755 491
926 92
166 886
834 284
199 470
833 645
400 113
141 439
461 125
610 383
31 760
524 236
296 466
896 63
684 549
800 298
415 324
311 124
605 154
350 10
428 952
183 396
334 24
164 765
562 22
761 251
798 913
364 264
824 424
970 865
655 248
990 952
32 440
893 970
806 929
592 549
262 282
740 668
510 773
488 273
39 345
493 515
996 220
302 979
258 477
337 795
447 306
668 211
396 608
857 689
854 824
204 251
722 427
164 427
943 56
429 431
833 165
599 722
692 424
253 198
438 31
351 803
998 195
356 638
275 51
946 841
190 406
962 544
517 774
201 854
459 940
950 862
523 518
783 805
802 310
249 868
451 904
842 239
628 773
749 186
794 53
302 945
233 396
294 885
980 579
82 195
453 752
367 407
667 974
950 940
373 210
233 761
610 742
717 949
572 957
475 251
229 280
508 535
469 189
70 261
623 275
18 287
979 872
735 467
885 937
113 773
731 794
476 86
842 35
749 644
358 285
318 665
727 615
740 953
795 184
92 84
904 318
688 519
884 777
728 310
38 794
688 35
775 591
815 243
985 643
527 476
278 218
639 35
912 504
419 281
651 342
743 996
251 354
659 165
184 876
603 631
824 703
614 442
521 475
151 743
956 455
525 502
328 708
376 422
797 204
346 240
278 914
369 934
188 535
717 517
159 856
509 212
9 219
341 508
995 541
707 383
48 550
647 345
22 56
243 580
333 388
534 790
117 553
535 440
705 50
496 818
866 592
642 464
262 215
50 765
866 571
499 977
930 144
334 682
749 472
531 587
213 105
170 638
959 839
348 723
383 712
839 219
714 976
689 448
495 844
185 303
661 124
245 715
270 183
678 49
297 678
478 683
490 68
294 102
317 340
728 153
666 115
69 816
83 944
706 930
198 638
833 216
716 251
773 609
241 772
820 781
747 13
889 399
268 327
605 536
138 768
199 41
305 135
455 864
420 429
314 745
919 461
154 159
702 993
830 284
631 59
580 13
519 613
246 644
871 63
726 12
52 811
67 152
773 736
447 736
780 137
487 279
364 963
800 609
610 472
310 520
947 489
772 824
664 965
552 216
498 69
701 400
432 662
649 535
879 268
799 672
268 393
940 511
684 476
165 456
47 849
397 613
882 133
41 64
790 818
798 979
195 946
819 541
271 919
429 927
37 631
33 358
712 207
98 912
65 709
523 909
545 281
157 279
539 166
977 252
443 771
282 574
771 65
253 445
49 360
731 252
756 484
163 904
537 511
413 590
28 853
607 942
519 179
383 547
806 667
11 199
516 945
365 644
946 517
207 369
7 247
530 98
845 808
838 160
590 719
822 217
148 575
191 754
941 466
21 998
227 639
581 148
779 727
712 768
741 455
384 62
498 165
520 125
806 54
369 240
607 927
793 806
397 491
606 575
868 481
445 338
195 221
601 286
784 386
261 610
192 67
528 477
305 944
515 304
408 637
969 93
886 179
891 720
254 248
47 130
768 434
193 896
268 309
950 601
863 150
735 977
548 51
251 350
497 760
940 78
180 476
322 423
438 979
961 361
604 585
90 38
761 791
103 214
582 817
369 483
564 517
108 148
968 902
865 97
959 534
140 145
346 407
62 757
597 634
821 67
841 831
515 305
512 11
756 612
654 410
100 660
224 873
661 92
489 476
787 373
142 756
524 505
732 474
728 576
176 402
565 750
688 151
860 305
783 701
673 672
91 141
276 629
622 52
526 174
631 922
96 694
890 210
748 639
822 357
451 829
438 969
197 511
673 667
308 533
306 699
681 15
743 622
78 478
880 148
534 6
562 50
654 331
757 590
469 501
953 461
696 151
727 585
924 457
226 448
870 600
514 62
667 402
134 762
659 796
227 937
353 373
224 349
258 860
174 606
546 120
392 899
770 119
115 740
2 353
121 821
226 551
629 439
89 913
311 925
674 823
580 359
248 505
180 570
671 563
46 322
895 254
706 954
479 924
797 473
280 716
133 155
372 914
936 770
567 117
292 561
134 846
731 311
824 233
595 587
270 517
877 906
367 466
605 682
572 985
211 98
714 890
631 894
858 205
812 587
982 548
66 583
119 221
416 385
936 734
472 240
936 673
271 596
985 617
688 527
21 620
175 459
120 373
730 888
453 671
348 103
878 752
597 607
613 496
61 854
10 646
774 498
532 287
555 245
883 245
686 75
152 578
900 403
848 405
402 639
265 435
301 695
38 994
14 241
621 732
124 5
320 829
242 657
900 900
809 860
895 484
364 939
607 805
471 178
864 109
13 634
804 460
268 905
628 379
322 510
825 692
311 178
880 177
777 975
372 218
929 293
489 895
541 804
993 578
384 480
530 665
893 933
531 958
178 421
769 876
362 881
669 37
690 850
37 671
636 9
189 133
742 268
848 807
446 428
571 700
532 981
150 909
839 738
446 551
398 368
98 160
979 456
164 341
936 558
543 92
278 852
933 774
719 173
538 826
872 285
162 663
464 720
938 280
966 320
963 916
377 84
451 79
871 415
237 990
411 343
905 721
219 846
899 962
358 934
451 727
176 727
60 628
370 158
114 608
208 139
371 707
8 696
374 276
936 580
370 610
138 422
120 636
940 575
553 47
926 612
201 404
494 825
518 223
294 117
42 943
245 734
525 652
416 313
516 853
201 31
802 703
885 916
897 995
575 626
765 5
114 157
437 988
853 332
993 248
809 830
446 257
794 431
962 635
985 471
497 396
744 428
716 887
362 131
426 706
125 170
484 937
693 331
343 776
283 303
804 124
463 222
513 558
32 312
891 114
875 714
812 825
115 374
9 439
671 238
393 651
158 124
695 468
31 838
824 290
256 887
894 434
884 205
507 430
282 46
778 776
166 189
227 22
24 777
364 709
175 153
137 590
19 9
468 698
13 507
763 58
819 227
230 754
138 156
477 863
654 249
647 682
767 646
70 742
521 464
153 582
515 316
289 332
450 974
941 778
987 200
393 120
114 580
25 711
105 444
125 879
806 232
328 420
842 621
597 558
547 136
479 891
474 799
241 429
228 404
371 771
784 998
595 830
535 557
527 584
365 195
178 386
245 656
606 71
610 868
787 797
416 968
314 138
23 904
233 525
485 524
362 39
474 949
432 450
151 886
652 487
878 801
274 382
567 709
58 621
52 777
239 234
938 858
883 732
998 207
953 600
602 284
457 36
598 702
657 575
533 453
173 855
120 585
985 379
468 369
450 551
936 237
308 420
676 579
832 446
608 425
337 882
502 111
757 251
151 408
245 790
202 276
294 263
97 595
156 805
58 932
793 563
952 594
940 534
59 607
397 420
659 404
601 787
543 368
41 31
709 279
662 48
304 254
358 531
712 882
657 142
274 458
761 287
331 706
887 63
252 986
499 775
438 310
386 967
687 905
903 16
525 935
746 59
446 745
41 890
4 809
121 374
810 876
537 141
878 952
402 872
284 576
176 399
703 658
442 117
23 918
146 868
803 511
831 867
510 302
557 631
46 983
175 984
808 727
561 680
766 845
74 676
546 452
462 453
164 493
6 83
322 60
969 212
617 641
189 805
764 606
600 335
461 272
470 847
858 595
573 142
760 259
14 733
772 89
716 128
542 208
631 805
340 23
737 729
573 326
570 993
628 867
97 685
481 788
318 554
618 918
497 895
987 389
149 447
572 213
399 211
548 895
406 793
609 731
550 60
973 88
492 445
290 277
678 841
691 946
353 349
436 377
644 558
755 91
738 730
962 896
687 219
679 918
106 492
309 991
268 173
540 611
616 679
71 436
639 174
34 308
659 125
923 386
838 484
950 907
513 357
369 501
893 435
969 933
627 944
111 33
22 813
173 101
559 197
126 446
274 574
186 528
950 523
330 405
967 745
426 620
105 418
773 219
581 987
78 454
152 126
813 527
548 997
929 147
448 143
567 647
397 744
616 567
784 291
839 826
93 489
709 737
478 795
849 49
697 781
1 460
979 380
760 560
826 544
554 697
43 186
682 691
556 909
988 743
767 84
442 688
311 475
354 299
756 393
171 673
193 412
881 34
453 118
307 754
66 450
380 13
310 758
862 753
981 317
611 639
211 691
538 178
263 341
396 861
152 967
668 220
701 974
447 637
376 524
331 734
671 912
543 366
440 653
212 625
340 515
861 922
741 706
576 512
639 6
868 865
689 927
346 581
546 215
632 672
610 17
56 114
648 775
510 668
957 31
322 216
740 597
596 865
961 296
639 325
293 289
906 846
471 566
587 939
460 336
705 248
835 810
700 834
445 18
263 30
568 927
636 656
170 357
202 555
885 289
383 82
772 84
709 573
276 221
149 523
919 744
841 582
226 113
199 620
57 82
525 175
954 689
56 211
863 751
376 147
502 768
138 180
970 387
736 468
267 790
266 105
408 45
662 230
484 802
603 299
53 93
204 177
184 842
865 141
756 266
913 561
145 592
529 541
820 672
669 417
702 568
988 745
976 242
184 672
314 970
953 74
931 636
856 292
918 526
452 288
734 32
989 246
336 308
911 88
528 137
704 649
682 915
159 651
853 818
808 61
307 908
262 638
204 285
588 255
253 337
187 285
545 378
486 277
756 493
295 478
206 520
61 344
750 17
600 369
466 885
69 954
81 536
413 665
78 839
751 990
581 523
736 83
533 532
894 665
347 425
50 748
351 391
357 753
715 804
972 496
603 71
966 230
312 501
914 410
173 459
316 124
56 752
354 638
681 420
127 367
855 587
588 906
151 778
189 868
625 288
187 200
760 403
647 113
682 938
389 587
439 551
270 507
755 364
6 644
377 180
349 282
100 690
196 74
580 905
751 499
609 67
696 217
158 383
1 364
712 998
561 153
382 192
129 925
602 373
223 648
162 291
558 109
82 18
938 309
699 850
485 413
335 118
574 535
512 293
979 422
10 370
908 129
968 409
589 842
642 169
676 424
419 536
844 760
731 417
841 412
914 962
622 449
56 215
81 610
324 141
904 631
562 76
767 192
572 234
447 358
357 325
778 441
516 592
976 286
933 598
510 264
330 265
750 827
506 977
441 56
936 786
749 939
993 217
553 279
977 483
685 40
303 489
494 104
938 480
292 569
585 859
650 518
476 789
77 342
339 462
27 883
526 262
911 223
239 409
640 240
222 576
641 190
898 117
821 407
316 177
552 634
264 400
46 167
101 166
185 741
566 228
404 463
951 791
889 389
706 387
96 784
189 550
456 511
630 965
310 338
86 392
935 327
95 934
903 580
540 352
812 35
139 34
993 857
605 844
689 416
434 255
547 297
206 873
802 634
375 812
626 598
481 293
75 810
516 261
441 573
485 765
973 782
782 234
852 656
469 284
91 417
492 789
46 460
397 968
738 530
628 911
104 333
25 613
901 52
607 40
88 753
312 351
604 217
512 297
372 333
971 971
936 684
739 932
448 374
186 154
82 57
112 880
749 41
792 84
216 631
115 184
659 396
937 929
901 289
534 57
762 722
515 544
620 933
451 804
665 225
15 867
562 154
741 41
238 775
387 382
321 26
408 171
514 816
280 786
570 820
225 106
707 963
879 340
109 496
22 19
270 973
764 420
949 681
992 187
925 934
84 413
906 319
673 709
680 8
311 219
832 492
179 878
154 372
632 630
202 809
300 306
58 907
675 865
103 316
199 249
937 167
17 946
817 243
352 857
731 219
185 39
34 522
227 456
585 344
463 854
938 527
857 792
327 852
309 701
849 588
299 637
464 667
221 722
316 708
593 227
14 565
853 568
942 210
567 108
425 87
452 420
203 292
779 461
802 299
17 848
735 598
766 76
61 796
238 36
414 366
418 360
778 121
156 342
578 243
412 235
229 206
832 56
444 119
952 222
736 737
535 27
133 293
271 375
917 841
879 681
315 216
16 836
489 794
143 832
699 317
461 616
670 671
626 265
388 849
902 626
572 429
605 854
61 505
319 624
501 332
701 414
266 991
339 431
291 879
145 918
125 550
634 491
429 305
567 32
725 943
521 299
422 879
445 344
538 598
117 461
115 454
537 825
504 495
544 63
223 257
589 653
629 872
43 244
279 890
784 583
662 758
142 701
955 969
440 149
891 114
916 222
256 751
829 94
795 537
768 811
873 682
248 22
350 649
487 911
977 692
792 361
862 150
51 226
670 386
19 884
517 505
333 101
69 195
25 288
516 560
717 984
677 69
268 815
325 763
757 64
892 841
187 653
136 155
121 48
275 935
325 357
248 203
421 276
479 277
404 636
995 690
36 825
682 776
699 43
666 935
657 159
947 373
362 700
888 922
973 36
66 222
16 667
167 761
54 848
879 576
327 546
115 657
209 786
708 112
971 845
889 976
630 65
293 402
487 731
594 747
970 675
454 176
25 253
936 56
901 72
91 841
756 787
483 929
28 402
787 183
778 844
212 778
330 651
376 142
332 940
783 476
400 795
879 734
461 621
440 996
656 26
126 580
166 622
819 432
685 97
973 363
283 135
804 158
839 757
262 72
553 294
927 664
858 188
634 760
818 676
750 812
322 4
453 959
17 877
513 658
443 389
369 12
15 305
808 666
602 227
777 22
699 514
206 250
712 495
724 315
129 443
18 558
672 510
853 119
638 740
893 266
110 633
364 676
991 196
256 818
672 64
831 759
60 294
510 480
208 398
375 639
871 931
794 200
370 352
536 248
214 934
471 998
789 226
636 344
394 858
960 166
652 954
738 623
339 221
605 864
822 626
535 29
147 328
891 376
146 955
156 615
645 477
605 196
938 796
788 241
188 795
197 800
643 789
68 552
159 458
857 934
226 210
636 750
548 316
137 422
458 537
190 385
154 203
144 637
835 603
49 254
598 351
203 397
94 949
331 852
29 113
10 246
319 143
144 590
213 144
110 654
992 945
561 695
546 907
95 93
435 691
629 957
558 821
473 223
187 119
260 254
809 371
163 234
47 716
970 922
47 510
718 485
972 67
998 135
489 259
753 542
614 354
104 797
753 598
192 281
213 853
599 854
799 663
622 964
945 7
561 564
608 632
685 273
90 64
770 677
167 665
80 950
810 126
138 152
35 354
662 899
599 949
678 735
847 993
106 53
878 339
586 748
237 47
248 298
771 942
236 112
327 185
475 634
324 418
917 38
519 351
687 16
223 517
798 828
567 451
617 390
165 543
375 552
772 98
201 78
459 210
903 203
254 435
745 318
803 827
501 559
625 478
585 642
610 634
842 544
259 34
313 333
241 707
864 375
787 802
852 558
56 432
419 322
137 732
138 672
473 683
328 987
997 32
79 476
120 685
410 583
875 319
951 470
5 708
349 270
195 776
227 409
306 989
638 40
446 900
220 656
291 149
805 59
890 26
792 640
488 302
735 766
510 799
147 96
762 506
762 562
379 311
366 862
214 961
797 637
455 35
919 167
667 265
242 613
886 758
748 346
972 913
868 108
422 729
276 917
574 229
135 221
406 381
967 745
300 692
444 628
491 273
590 27
676 921
458 636
314 57
667 683
886 929
912 838
536 200
423 275
503 872
657 566
86 351
107 148
456 625
810 797
954 520
995 240
158 78
822 359
441 824
163 683
872 860
819 486
329 67
611 58
578 769
962 409
632 806
513 123
640 840
748 294
592 193
24 882
770 955
72 887
729 538
722 61
101 785
433 224
487 128
898 737
446 431
527 965
749 462
660 439
568 654
368 790
865 485
104 51
663 52
712 287
345 904
684 820
890 692
547 96
946 827
713 451
577 610
307 432
931 624
642 261
364 10
301 747
8 67
224 892
913 978
136 123
311 614
921 488
237 979
243 32
771 198
500 948
722 450
382 776
683 51
240 626
169 332
179 389
692 924
179 697
658 6
881 210
943 254
391 778
655 840
170 36
354 550
311 578
791 490
216 204
774 281
888 246
165 170
19 361
5 388
602 86
457 321
5 989
625 871
683 929
256 793
330 795
59 199
512 495
359 186
220 190
90 661
239 319
715 636
327 312
946 260
754 777
519 170
60 512
345 39
34 698
283 902
553 328
288 992
496 432
122 507
338 946
59 816
495 76
162 250
9 544
633 73
358 162
565 536
153 29
115 295
967 234
459 701
260 884
482 67
185 351
600 931
21 839
568 771
295 279
950 259
477 192
611 759
851 284
937 754
652 427
326 180
776 980
726 972
335 312
248 585
608 196
292 709
968 290
739 860
804 185
936 786
924 178
749 545
286 230
91 940
428 790
455 952
709 456
89 133
310 354
154 233
93 354
654 989
245 60
288 330
804 760
947 885
812 836
74 911
195 301
19 689
963 847
769 995
522 81
170 341
388 625
328 650
482 781
22 152
65 696
859 691
104 113
886 939
149 215
20 510
433 321
600 258
225 3
541 362
117 174
698 569
580 223
938 32
195 885
723 941
781 450
706 447
731 162
463 222
332 179
463 489
660 520
751 842
322 534
849 3
824 672
139 764
171 545
970 672
524 287
170 665
106 24
998 15
875 207
564 250
1 210
847 541
277 345
905 925
871 260
740 61
968 376
470 808
405 368
307 824
850 596
24 649
634 923
643 2
292 884
772 588
989 756
326 339
813 669
63 400
150 381
181 363
659 12
400 312
732 880
764 107
981 183
977 70
398 2
942 904
688 61
767 112
368 931
820 572
882 168
848 378
206 731
298 723
171 898
968 302
324 669
783 364
315 685
524 843
811 845
514 914
962 550
756 83
679 957
743 543
526 374
334 475
486 288
35 825
873 635
140 177
660 21
169 375
31 243
871 581
856 424
927 632
13 815
269 487
644 176
448 235
54 872
460 764
225 975
978 330
26 521
773 604
998 446
60 94
903 964
56 447
825 25
104 175
488 988
355 813
752 882
428 713
473 827
563 809
809 74
775 859
388 431
207 360
498 272
471 992
512 463
754 481
905 418
651 438
325 484
896 22
104 973
933 436
243 397
319 292
305 386
39 939
948 256
455 370
61 522
446 808
133 511
396 963
364 22
783 300
544 262
640 658
662 852
338 411
964 640
557 225
425 238
972 264
746 317
847 320
915 433
778 193
229 508
719 11
377 974
610 140
608 1
398 895
359 589
512 957
875 595
983 616
954 444
933 339
491 931
300 974
438 202
173 895
111 391
760 75
358 988
598 935
67 85
992 591
982 778
166 541
207 965
81 295
220 616
184 304
522 551
572 791
225 756
846 638
455 703
26 198
620 710
405 218
508 767
216 111
571 631
602 291
554 28
146 75
786 383
234 410
228 86
855 378
150 619
719 589
219 658
613 291
743 691
637 120
608 313
628 832
730 446
809 471
823 286
738 4
465 534
920 998
44 735
874 540
89 575
386 439
891 868
374 314
260 596
876 290
288 323
130 575
208 81
446 49
149 444
443 964
889 123
657 908
656 840
475 217
103 493
38 348
333 228
469 972
202 983
330 225
557 594
923 676
355 885
426 121
723 189
342 954
687 68
582 178
528 292
140 213
694 578
133 556
29 463
832 176
753 13
823 998
285 647
499 395
572 606
155 196
508 526
67 494
980 715
143 141
369 694
629 622
760 479
890 214
555 635
241 124
428 526
943 426
482 510
490 939
977 876
355 44
321 237
133 368
832 257
728 830
681 777
57 242
282 5
510 744
330 791
297 525
760 703
327 572
889 988
500 107
426 317
885 659
246 832
500 890
141 70
417 407
373 741
165 182
975 816
616 112
454 251
924 491
576 773
490 622
836 688
931 495
897 59
479 809
737 465
889 840
305 118
672 540
189 909
834 323
311 628
224 94
833 298
929 308
770 995
423 702
39 619
749 761
274 361
44 135
684 496
921 631
926 336
805 142
500 578
1 294
632 621
10 117
164 483
100 827
555 845
515 509
736 114
246 10
308 669
253 358
181 703
209 283
38 973
575 902
247 178
585 311
31 593
618 611
33 778
748 15
981 639
204 535
243 407
599 132
265 518
127 340
490 830
679 36
862 678
57 173
272 962
251 121
546 349
260 424
173 951
637 520
249 103
904 505
209 257
160 319
881 172
32 682
18 510
880 790
143 316
264 764
500 995
267 304
549 68
259 376
174 151
649 32
46 102
445 390
176 639
792 501
418 385
258 55
345 805
237 191
396 696
737 626
557 184
264 454
181 93
324 486
190 40
14 848
19 425
534 574
362 290
367 965
920 474
108 431
942 289
980 718
561 115
624 498
515 363
676 507
414 537
821 474
418 910
681 14
986 814
61 425
387 69
903 727
173 414
812 381
710 480
192 179
334 907
461 537
888 67
483 712
890 242
452 872
333 351
467 43
158 495
175 945
845 824
144 451
835 401
511 464
372 909
853 2
293 376
46 401
115 408
627 957
647 956
533 389
786 358
556 408
520 353
838 625
19 101
350 936
523 279
204 470
457 383
910 263
269 966
723 673
49 311
525 203
31 117
40 852
877 382
622 502
109 737
73 486
283 25
890 662
890 911
395 721
644 435
203 414
8 997
141 768
266 374
786 634
529 411
980 968
119 59
110 291
193 475
848 663
437 30
787 589
994 448
74 186
487 282
277 43
316 290
152 933
968 51
671 134
612 899
793 607
797 469
820 54
793 662
504 923
845 90
178 498
223 645
579 473
813 181
375 672
809 979
869 768
625 911
383 84
738 378
703 555
310 743
433 215
748 780
71 480
619 75
886 562
32 251
851 679
808 917
230 916
255 346
960 731
723 971
470 802
366 590
80 691
795 317
306 502
309 853
511 529
729 627
502 563
403 165
678 454
50 670
37 813
238 986
139 26
813 956
68 572
304 606
806 550
260 110
317 65
657 672
290 357
13 360
527 254
568 932
336 604
610 660
83 611
513 49
633 871
514 785
889 925
155 966
711 162
506 525
838 150
346 609
355 294
136 397
654 779
492 956
173 395
624 174
892 806
316 646
258 288
63 397
306 989
930 165
235 16
305 41
833 551
248 737
867 364
147 803
720 665
768 766
444 25
627 607
949 522
591 614
581 561
756 806
123 683
581 495
554 68
895 724
190 22
87 435
766 7
468 380
700 978
348 592
632 653
182 128
989 188
594 399
374 851
712 598
830 979
675 785
466 794
772 71
767 832
323 837
851 162
63 530
468 514
673 653
507 62
707 812
451 52
58 194
74 799
192 531
789 862
594 970
814 846
935 378
475 159
497 307
456 22
16 201
605 820
45 804
461 801
92 672
319 944
285 813
312 789
55 169
775 833
978 434
601 885
557 491
572 901
789 934
739 764
472 484
153 935
470 540
590 385
11 977
47 155
842 533
945 626
221 327
70 513
692 485
95 354
419 947
187 163
137 307
243 170
628 222
438 211
746 58
83 923
355 86
444 504
698 264
860 135
990 221
287 213
895 5
695 597
938 908
659 339
533 749
617 474
331 91
393 776
711 199
955 43
387 924
81 249
976 383
780 681
810 814
719 617
317 176
910 330
713 58
677 428
796 302
577 326
629 579
657 754
445 703
110 861
557 21
436 643
89 677
563 123
987 403
398 852
166 231
461 602
947 991
469 174
53 346
981 87
777 891
989 358
337 230
612 374
585 719
778 578
128 321
725 952
651 217
723 611
460 734
416 730
197 304
853 343
667 718
883 524
177 951
224 999
822 202
15 518
202 172
183 962
239 438
897 639
570 580
586 6
97 47
786 99
883 249
509 715
70 310
804 985
35 240
318 179
992 693
19 724
550 79
275 922
411 272
781 541
93 375
993 107
362 698
89 791
241 840
167 604
500 6
255 377
974 631
452 344
989 80
594 459
290 680
642 544
66 33
293 224
335 361
50 596
172 955
398 980
202 690
515 885
928 84
282 168
858 557
41 266
86 998
135 878
39 929
424 295
776 829
206 737
49 999
168 1
417 848
958 352
963 238
455 17
368 623
264 853
862 782
93 447
127 57
187 891
303 237
344 112
782 922
211 50
936 37
352 937
857 133
23 217
301 402
597 902
436 468
509 747
991 774
591 21
87 954
427 496
75 73
574 327
176 829
337 231
71 997
221 818
373 378
886 813
752 439
869 960
155 788
478 496
601 437
565 392
439 56
530 286
49 797
584 346
359 992
708 275
630 384
296 869
309 841
68 745
770 534
716 436
421 315
219 436
605 742
375 399
529 155
862 847
312 180
743 150
574 699
538 422
851 324
41 903
22 505
775 303
799 937
416 6
136 931
965 703
582 887
680 205
385 32
711 790
282 582
174 424
72 582
128 159
839 834
645 640
242 348
743 786
557 110
736 561
102 341
375 789
746 409
893 371
532 937
137 853
419 404
818 792
865 694
307 971
568 889
585 702
981 183
769 459
49 675
671 704
882 73
549 214
781 230
712 446
81 509
39 725
603 423
350 702
494 734
530 280
808 203
541 20
720 390
692 60
799 326
744 256
228 988
91 287
947 45
577 466
558 156
777 101
388 212
85 992
934 84
879 933
386 711
951 126
146 920
111 86
330 556
977 523
963 703
934 707
326 983
630 289
547 597
203 116
824 649
772 275
416 500
822 371
854 688
286 654
534 163
300 289
372 730
94 745
982 818
839 784
134 111
997 994
906 217
322 337
721 984
147 126
14 404
735 651
374 430
309 985
974 192
163 307
5 152
883 418
186 835
577 438
448 891
169 347
247 602
694 158
173 551
825 109
134 377
215 952
539 374
785 417
765 338
197 12
287 238
231 511
19 740
540 949
771 168
132 802
286 974
302 958
674 572
454 851
49 540
593 737
347 723
934 977
151 688
252 404
395 182
13 992
682 986
450 419
938 773
717 983
361 50
127 858
67 829
757 235
117 830
901 182
480 142
21 818
803 615
603 194
574 578
157 928
533 716
130 118
380 6
611 89
629 280
363 933
662 432
878 762
78 896
421 393
772 50
663 230
889 12
878 900
708 736
336 227
870 233
480 632
367 250
89 582
46 209
365 592
765 795
539 959
156 99
168 355
587 824
769 480
232 449
375 453
420 701
559 433
437 117
897 809
124 774
910 27
888 567
765 680
100 832
682 155
936 287
886 457
172 979
13 417
537 685
974 998
787 972
487 846
396 74
863 150
569 65
565 42
424 123
196 576
75 129
945 115
187 412
466 966
424 452
196 719
425 583
745 821
84 819
12 40
986 563
442 335
800 978
177 804
369 717
293 182
125 462
816 29
925 361
507 358
873 557
412 119
319 739
895 22
648 228
705 716
38 819
602 622
702 986
329 581
332 128
681 593
332 311
256 895
751 620
79 602
883 174
932 775
587 554
693 975
364 556
303 615
233 913
317 982
921 650
597 948
121 621
559 102
830 668
73 587
354 599
410 828
262 438
145 800
848 434
807 769
799 325
767 698
314 256
860 86
897 454
794 854
509 47
203 267
440 658
969 692
78 967
238 866
17 284
964 312
324 450
856 954
294 31
217 88
23 529
182 912
192 890
258 955
783 718
310 767
163 475
340 768
975 446
35 43
554 661
189 939
343 176
607 265
597 454
563 557
752 543
478 304
716 359
687 909
631 26
462 876
109 954
58 518
136 23
230 804
907 328
490 587
21 166
771 181
193 852
300 687
818 842
138 397
359 549
763 619
706 568
162 100
991 511
168 302
261 510
57 583
658 59
314 888
788 964
993 151
424 131
915 44
510 374
937 932
132 335
452 10
617 317
45 898
82 317
591 520
207 162
306 874
650 860
862 281
348 220
374 919
580 483
174 888
459 12
706 606
817 621
526 809
549 795
177 108
194 15
314 902
426 241
736 498
965 591
381 181
185 275
102 570
187 160
116 674
128 793
981 189
462 617
162 896
784 579
553 884
725 294
304 326
310 659
71 751
42 164
452 450
366 708
967 818
240 799
783 387
338 310
860 206
61 439
828 853
836 581
955 412
129 151
975 39
319 496
315 165
175 685
864 64
646 352
556 740
647 87
825 145
672 948
882 362
443 733
554 911
700 199
937 31
133 368
378 819
333 374
787 875
316 215
285 442
57 751
790 699
693 261
860 102
314 328
948 355
12 383
604 1
964 254
43 601
748 72
269 859
221 478
974 364
993 287
817 542
627 201
988 382
985 970
616 63
664 663
115 919
955 426
403 325
6 969
193 452
688 761
158 963
218 578
185 797
852 544
461 791
913 965
937 520
638 285
53 209
677 745
225 526
640 289
466 914
613 187
115 810
69 331
359 588
444 934
392 237
289 110
170 619
495 88
704 725
914 834
217 789
182 709
746 827
529 278
207 159
846 94
382 228
697 799
544 581
878 960
227 851
759 950
755 331
938 846
699 124
996 146
505 150
993 325
658 869
258 891
892 749
426 479
527 251
702 92
183 526
427 334
299 810
50 89
899 695
400 245
979 818
373 796
605 154
629 537
739 520
191 190
609 75
65 440
424 702
514 769
129 441
431 843
919 597
520 976
355 272
214 695
53 169
426 221
170 891
564 165
162 548
219 790
792 620
229 268
938 179
331 470
203 946
323 977
773 689
718 249
466 198
445 424
581 899
619 536
699 827
616 651
64 536
212 910
169 234
143 854
95 560
257 608
65 151
141 963
168 217
950 74
300 885
551 202
623 168
452 745
242 117
24 338
359 6
21 341
784 393
280 982
888 519
592 929
792 882
219 360
239 199
493 359
739 297
732 615
975 406
542 402
245 422
269 766
502 488
311 628
910 387
173 749
722 752
399 610
924 488
504 179
191 942
365 515
911 671
26 151
65 295
588 451
607 650
483 420
130 293
575 480
856 583
522 645
791 253
396 545
785 767
810 843
38 323
384 129
793 368
985 697
443 136
258 124
52 248
732 31
752 31
270 760
410 946
912 277
964 546
589 176
426 543
735 206
788 904
227 301
625 368
507 2
418 170
929 342
641 815
293 144
294 372
817 855
457 998
49 979
899 359
465 739
179 912
795 201
304 97
896 62
625 156
558 66
463 770
871 363
897 839
658 621
420 417
172 614
484 313
317 506
582 156
956 187
5 638
632 119
501 767
609 302
798 798
866 822
160 962
497 689
417 447
50 157
766 423
82 481
854 188
767 506
682 701
85 434
23 774
562 602
360 732
277 615
6 570
666 218
871 341
735 826
322 579
237 764
63 508
95 343
647 685
943 368
690 489
560 284
977 110
596 496
305 285
149 200
695 415
662 352
991 804
509 765
603 954
891 610
650 169
33 131
451 111
728 986
767 835
441 977
625 497
964 336
936 810
44 186
147 662
785 244
766 984
744 113
158 312
33 291
571 195
138 241
192 849
488 962
718 993
933 572
655 833
253 757
235 160
601 560
520 130
228 681
151 487
234 939
768 264
451 45
673 159
298 608
555 798
176 473
842 282
485 319
98 219
962 438
864 48
934 564
224 916
147 289
478 425
802 930
145 690
447 359
429 533
737 728
466 430
225 703
18 989
274 97
337 770
206 333
364 415
138 582
413 445
466 855
267 321
782 286
428 283
463 623
674 962
682 505
377 222
324 557
23 974
56 249
754 499
964 892
283 525
345 975
877 357
131 606
882 395
383 362
567 842
982 67
967 391
580 800
212 328
298 191
169 122
672 32
928 166
227 503
50 72
494 996
385 723
703 960
333 967
552 294
650 717
725 315
631 965
108 538
169 174
333 291
974 407
31 960
468 954
47 25
579 365
116 504
744 268
750 987
597 499
567 911
232 686
768 288
350 70
735 268
227 894
489 578
817 324
866 825
101 551
288 821
583 110
64 153
272 23
825 79
943 581
51 717
343 227
18 629
5 674
92 966
900 447
661 446
723 126
566 101
656 958
711 320
900 537
228 503
739 19
853 16
570 462
830 838
905 283
265 429
247 143
794 291
39 764
868 579
353 48
938 439
773 700
543 232
299 259
262 967
825 941
786 465
302 710
262 206
344 593
646 552
616 541
